# Created by Octave 5.1.0, Sat May 04 18:47:19 2019 IST <dhananjaydave@Dhananjays-Air>
# name: prices
# type: matrix
# rows: 23
# columns: 3
 8.3795000000000002 7.7356999999999996 5.1032000000000002
 8.5404 7.9443000000000001 5.1256000000000004
 8.7333999999999996 8.0188000000000006 5.1623999999999999
 8.7988999999999997 8.0526 5.0548000000000002
 8.8024000000000004 8.0726999999999993 4.9292999999999996
 8.7380999999999993 7.9565000000000001 4.8746999999999998
 8.7415000000000003 7.8532000000000002 4.8220999999999998
 8.5827000000000009 7.6891999999999996 4.8465999999999996
 8.4925999999999995 7.5538999999999996 4.8158000000000003
 8.6018000000000008 7.7625999999999999 4.9512999999999998
 9.0311000000000003 8.4108999999999998 5.5678000000000001
 8.8186 8.3323999999999998 5.2694999999999999
 9.2082999999999995 8.5503999999999998 5.5359999999999996
 9.3577999999999992 8.6296999999999997 5.6264000000000003
 9.7665000000000006 9.0007000000000001 6.1363000000000003
 10.960000000000001 9.9730000000000008 6.6147999999999998
 11.074 10.141999999999999 6.7107999999999999
 12.051 11.164 7.6235999999999997
 11.851000000000001 10.592000000000001 7.0892999999999997
 12.037000000000001 10.718999999999999 7.2253999999999996
 12.09 10.67 7.3099999999999996
 12 10.390000000000001 7.1299999999999999
 12.609999999999999 10.76 7.3200000000000003


# name: usage
# type: matrix
# rows: 23
# columns: 3
 3.0484 2.5848 2.6408
 2.8610000000000002 2.5529999999999999 2.7400000000000002
 3.2602000000000002 2.7084000000000001 2.7345000000000002
 3.3420000000000001 2.8096999999999999 2.8018999999999998
 3.3555000000000001 2.9167000000000001 2.7959999999999998
 3.4234 2.9298999999999999 2.8578999999999999
 3.5268000000000002 3.1560999999999999 2.8597000000000001
 3.9184999999999999 3.3056999999999999 2.8757000000000001
 3.9718 3.4761000000000002 2.9984000000000002
 3.8540000000000001 3.4748000000000001 2.8997999999999999
 3.8934000000000002 3.5968 2.6825999999999999
 4.3127000000000004 3.7088000000000001 2.8426999999999998
 4.2153 3.7172000000000001 2.8300999999999998
 4.1711 3.7256999999999998 2.8542000000000001
 4.6604999999999999 3.9367000000000001 2.8512
 4.7527999999999997 4.0496999999999996 2.8671000000000002
 4.4847000000000001 3.9975000000000001 2.8715000000000002
 4.6215999999999999 4.1299000000000001 2.8487
 4.4413 3.9228999999999998 2.5175999999999998
 4.9898999999999996 4.1265999999999998 2.7652999999999999
 4.9912999999999998 4.1311 2.8142999999999998
 4.9863999999999997 4.1463000000000001 2.8134999999999999
 4.6269999999999998 4.1204999999999998 2.7000999999999999


